Parameters: 
(classes = 10 code = 7 pop = 25 gen = 30)

[(5, [3, 0]), (12, [13, 43]), (13, [33, 7]), (43, [35, 38]), (44, [14, 43]), (67, [25, 7]), (73, [5, 28]), (76, [21, 3]), (87, [19, 3]), (102, [18, 29])]

Iteration #:  0
   	      	                        fitness                         	             height            
   	      	--------------------------------------------------------	-------------------------------
gen	nevals	avg     	max     	min     	std     	avg 	max	min	std    
0  	25    	0.387166	0.770723	0.241033	0.111637	3.76	7  	2  	1.44997
1  	19    	0.309474	0.432881	0.241033	0.0459317	3.72	5  	2  	0.96   
2  	20    	0.272826	0.374932	0.225328	0.0335124	4.76	7  	3  	1.03073
3  	22    	0.271468	0.366003	0.213969	0.0412428	4.52	6  	3  	1.2687 
4  	18    	0.252796	0.372121	0.211684	0.0372816	4.64	6  	3  	1.38217
5  	21    	0.241785	0.358802	0.211684	0.034315 	5.76	7  	3  	0.81388
6  	18    	0.233049	0.319232	0.198182	0.0269197	5.92	7  	5  	0.483322
7  	19    	0.221558	0.335973	0.194315	0.0332334	5.88	7  	4  	0.65238 
8  	22    	0.228084	0.353759	0.179906	0.0458043	5.96	7  	5  	0.445421
9  	22    	0.238215	0.403953	0.179906	0.0508864	5.92	6  	5  	0.271293
10 	23    	0.237353	0.301447	0.178725	0.0355061	6.04	7  	6  	0.195959
11 	22    	0.231815	0.33804 	0.178725	0.0499611	5.84	7  	3  	0.833307
12 	22    	0.225633	0.328551	0.179559	0.0449465	5.92	7  	5  	0.391918
13 	24    	0.227523	0.394833	0.176726	0.0541956	5.92	6  	5  	0.271293
14 	17    	0.227942	0.36428 	0.176726	0.057045 	5.96	7  	5  	0.344093
15 	16    	0.21837 	0.377988	0.176726	0.0497853	5.92	7  	5  	0.391918
16 	25    	0.223021	0.318506	0.176726	0.041616 	5.96	7  	5  	0.445421
17 	22    	0.24012 	0.409797	0.176726	0.0599521	5.92	7  	3  	0.688186
18 	20    	0.231751	0.326353	0.176651	0.0502899	5.72	7  	3  	0.722219
19 	23    	0.242496	0.342134	0.176651	0.0460846	5.88	7  	3  	0.65238 
20 	22    	0.245979	0.353906	0.175866	0.0556398	5.92	6  	5  	0.271293
21 	20    	0.220205	0.294961	0.175388	0.0414262	6.08	7  	5  	0.391918
22 	19    	0.227614	0.373669	0.175388	0.0538087	5.8 	7  	3  	0.894427
23 	21    	0.23037 	0.461609	0.175388	0.0649468	5.76	7  	1  	1.06883 
24 	24    	0.236041	0.35225 	0.175186	0.0490518	5.92	7  	3  	0.744043
25 	21    	0.224376	0.339092	0.17518 	0.0495377	6.04	7  	5  	0.445421
26 	19    	0.220012	0.320197	0.17518 	0.0513435	5.92	7  	5  	0.391918
27 	21    	0.233105	0.328986	0.175157	0.0489624	5.88	7  	5  	0.430813
28 	22    	0.237165	0.378063	0.175157	0.0654957	5.96	6  	5  	0.195959
29 	21    	0.245864	0.330921	0.175157	0.05419  	5.8 	7  	3  	0.938083
30 	20    	0.213216	0.337209	0.175157	0.0456609	5.8 	6  	3  	0.632456

Best individual:
codeFunction(P8, protectedDiv(sub(P7, P22), P3), P8, protectedDiv(P14, P21), protectedDiv(P15, P5), mul(mul(sub(mul(P4, P3), P5), P7), mul(mul(sub(mul(P22, P3), P2), P8), P17)), P14)
Accuracy =  0.78

Iteration #:  1
   	      	                        fitness                         	             height            
   	      	--------------------------------------------------------	-------------------------------
gen	nevals	avg     	max     	min     	std     	avg 	max	min	std    
0  	25    	0.431811	0.772665	0.299842	0.131429	3.96	7  	2  	1.58695
1  	22    	0.329979	0.410104	0.285313	0.0293113	3.84	6  	2  	1.25475
2  	22    	0.306935	0.374827	0.27088 	0.0200248	3.6 	7  	2  	1.35647
3  	20    	0.290713	0.338204	0.254294	0.0195617	4.88	7  	2  	1.94566
4  	22    	0.275569	0.312753	0.254294	0.015108 	5.96	7  	3  	1.56154
5  	23    	0.281438	0.326001	0.254294	0.0219333	7   	7  	7  	0      
6  	23    	0.282118	0.326571	0.254846	0.0166238	6.96	7  	6  	0.195959
7  	23    	0.290844	0.368523	0.257133	0.0301152	6.92	7  	6  	0.271293
8  	17    	0.278442	0.345641	0.257133	0.0214715	6.92	7  	6  	0.271293
9  	14    	0.26446 	0.290977	0.243212	0.0111778	6.96	7  	6  	0.195959
10 	20    	0.268201	0.313346	0.243212	0.0188285	6.72	7  	6  	0.448999
11 	23    	0.269445	0.308946	0.241889	0.0195344	6.8 	7  	6  	0.4     
12 	11    	0.255632	0.291789	0.241767	0.0154345	6.96	7  	6  	0.195959
13 	18    	0.257799	0.398587	0.239328	0.0323241	6.72	7  	3  	0.825591
14 	21    	0.256466	0.295536	0.239328	0.0173897	6.68	7  	5  	0.545527
15 	21    	0.259803	0.318235	0.237544	0.022011 	6.12	7  	2  	0.95163 
16 	17    	0.258162	0.335937	0.237544	0.0267999	6.16	7  	6  	0.366606
17 	19    	0.252624	0.318744	0.236257	0.0196491	6.08	7  	6  	0.271293
18 	20    	0.249194	0.326192	0.2357  	0.0201877	6.08	7  	6  	0.271293
19 	24    	0.266795	0.350765	0.234744	0.0334128	5.92	6  	5  	0.271293
20 	22    	0.254991	0.292224	0.216872	0.0195088	6   	6  	6  	0       
21 	19    	0.248441	0.277775	0.216872	0.0183709	6   	7  	5  	0.282843
22 	22    	0.254714	0.351595	0.216872	0.0347739	5.92	6  	5  	0.271293
23 	18    	0.237077	0.273268	0.216872	0.0185284	6   	7  	5  	0.565685
24 	22    	0.236636	0.267693	0.213505	0.0180797	5.96	7  	5  	0.344093
25 	19    	0.244849	0.32421 	0.213505	0.0312124	6.04	7  	5  	0.344093
26 	19    	0.233205	0.268494	0.213505	0.0198245	5.96	7  	5  	0.344093
27 	18    	0.227353	0.284722	0.213505	0.0172651	6.04	7  	6  	0.195959
28 	19    	0.233612	0.289134	0.199925	0.026169 	5.96	6  	5  	0.195959
29 	23    	0.240896	0.307756	0.213165	0.0258256	5.88	6  	5  	0.324962
30 	24    	0.232713	0.268936	0.196318	0.0183831	6.08	7  	5  	0.391918

Best individual:
codeFunction(mul(protectedDiv(P18, P19), P24), sub(protectedDiv(P24, P23), protectedDiv(protectedDiv(add(P9, P18), P24), protectedDiv(P0, P15))), protectedDiv(protectedDiv(sub(add(P14, sub(P11, P19)), P1), P24), protectedDiv(P0, P15)), protectedDiv(protectedDiv(P18, P15), protectedDiv(P9, P14)), mul(add(P9, P8), add(P17, P4)), protectedDiv(P14, protectedDiv(P8, P23)), sub(protectedDiv(P0, P15), protectedDiv(sub(P14, P12), add(P16, P21))))
Accuracy =  0.77

Iteration #:  2
   	      	                        fitness                         	             height            
   	      	--------------------------------------------------------	-------------------------------
gen	nevals	avg     	max     	min     	std     	avg	max	min	std    
0  	25    	0.441245	0.787916	0.291051	0.151835	4  	7  	2  	1.64924
1  	16    	0.32038 	0.379513	0.26569 	0.0303648	3.12	5  	2  	0.815843
2  	22    	0.295057	0.331856	0.259105	0.0182595	3.8 	6  	3  	0.894427
3  	21    	0.276091	0.34571 	0.233894	0.0232934	4.12	7  	3  	0.95163 
4  	16    	0.262322	0.30539 	0.233894	0.0180246	3.96	5  	3  	0.445421
5  	18    	0.27038 	0.461614	0.224372	0.0503103	3.76	5  	1  	0.861626
6  	22    	0.249355	0.338124	0.20923 	0.0314111	3.68	6  	2  	0.733212
7  	23    	0.243508	0.342179	0.207815	0.0319933	4.12	6  	3  	0.765245
8  	22    	0.222024	0.265975	0.18929 	0.0164599	4.12	5  	3  	0.430813
9  	20    	0.233718	0.318574	0.189049	0.03529  	4.2 	6  	3  	0.748331
10 	20    	0.231318	0.311257	0.188275	0.0395362	4.28	6  	4  	0.601332
11 	22    	0.216456	0.335246	0.188149	0.0388688	4.04	6  	3  	0.662118
12 	21    	0.220505	0.311101	0.187398	0.033778 	4.12	6  	3  	0.515364
13 	24    	0.242451	0.324742	0.188246	0.0384981	4.44	6  	4  	0.752596
14 	18    	0.228742	0.332566	0.188246	0.0395076	4.12	6  	3  	0.65238 
15 	23    	0.229303	0.36572 	0.187386	0.0403547	4.16	6  	3  	0.611882
16 	22    	0.245597	0.345174	0.187386	0.0427589	4.16	6  	2  	0.731027
17 	20    	0.220194	0.310464	0.187386	0.0311807	4.52	6  	3  	0.899778
18 	22    	0.221998	0.33368 	0.187243	0.0392552	4.6 	7  	4  	0.8     
19 	23    	0.2214  	0.305469	0.187151	0.0378555	4.44	6  	3  	0.80399 
20 	17    	0.218942	0.301614	0.187151	0.0339397	4.12	7  	3  	0.765245
21 	20    	0.22009 	0.306401	0.187151	0.0339704	4.28	7  	3  	0.775629
22 	17    	0.217841	0.296533	0.187151	0.0332605	4.04	6  	3  	0.527636
23 	20    	0.230231	0.391111	0.17338 	0.0504374	4.28	7  	3  	0.775629
24 	16    	0.211374	0.358006	0.17338 	0.0409417	3.96	5  	3  	0.344093
25 	23    	0.22699 	0.461545	0.17338 	0.0610534	4.04	6  	1  	0.915642
26 	21    	0.214779	0.285115	0.17338 	0.033082 	4.28	6  	4  	0.601332
27 	21    	0.217158	0.314739	0.17338 	0.0369681	4.44	7  	4  	0.80399 
28 	17    	0.215769	0.322562	0.17338 	0.0438518	4.48	7  	4  	0.754718
29 	19    	0.234109	0.461626	0.17338 	0.0640976	4.24	6  	1  	0.906863
30 	19    	0.21796 	0.282666	0.17338 	0.0333226	4.32	6  	4  	0.614492

Best individual:
codeFunction(protectedDiv(add(sub(P2, P7), sub(P24, P0)), protectedDiv(P8, P3)), P10, sub(P16, P5), mul(mul(P11, mul(P10, P7)), P20), P11, protectedDiv(P16, protectedDiv(P19, P6)), protectedDiv(P12, P16))
Accuracy =  0.76

Iteration #:  3
   	      	                     fitness                     	             height            
   	      	-------------------------------------------------	-------------------------------
gen	nevals	avg    	max     	min     	std      	avg 	max	min	std    
0  	25    	0.40138	0.686955	0.304494	0.0981288	3.84	7  	2  	1.46096
1  	21    	0.317237	0.361783	0.287227	0.019324 	3.44	7  	2  	0.983056
2  	23    	0.303941	0.34323 	0.264024	0.0180569	3.48	5  	3  	0.699714
3  	17    	0.304531	0.390255	0.222848	0.0359528	3.64	5  	2  	0.842852
4  	17    	0.290375	0.391508	0.222813	0.0464065	3.76	6  	3  	0.861626
5  	19    	0.257287	0.364126	0.221924	0.0429756	3.36	6  	3  	0.741889
6  	20    	0.244814	0.298   	0.221225	0.0243625	3.24	5  	3  	0.51225 
7  	20    	0.251167	0.351381	0.219701	0.0350664	3.24	5  	3  	0.51225 
8  	21    	0.247365	0.340655	0.204352	0.0325147	3.36	5  	3  	0.685857
9  	21    	0.256676	0.313408	0.204352	0.0312434	3.52	5  	2  	0.805978
10 	20    	0.246088	0.333037	0.204352	0.0325483	3.52	5  	3  	0.574108
11 	22    	0.253894	0.323176	0.21079 	0.0312444	3.76	5  	2  	0.708802
12 	20    	0.247643	0.461574	0.21079 	0.0479442	3.84	5  	1  	0.966644
13 	23    	0.256454	0.31264 	0.21079 	0.0335394	3.68	5  	2  	0.968297
14 	24    	0.259121	0.318121	0.209931	0.0352706	4.32	7  	3  	1.22376 
15 	24    	0.272936	0.461591	0.20856 	0.0556314	4.32	7  	1  	1.51578 
16 	24    	0.244442	0.350303	0.208491	0.036141 	5.04	7  	3  	1.4827  
17 	20    	0.232358	0.323091	0.208485	0.0320215	4.48	7  	4  	0.943186
18 	19    	0.241892	0.336556	0.189545	0.0381314	4.16	5  	3  	0.463033
19 	20    	0.232529	0.313064	0.18876 	0.033016 	4.4 	6  	4  	0.565685
20 	22    	0.21745 	0.277648	0.18876 	0.0298422	4.88	6  	3  	0.587878
21 	22    	0.211025	0.28608 	0.18876 	0.0272223	5.12	7  	4  	0.515364
22 	21    	0.217873	0.316704	0.18876 	0.0348075	5.04	6  	4  	0.344093
23 	18    	0.212681	0.295465	0.177569	0.030222 	5   	6  	3  	0.565685
24 	17    	0.210097	0.316204	0.177569	0.0304922	5.04	6  	3  	0.598665
25 	19    	0.211071	0.286559	0.177546	0.033128 	5.12	7  	5  	0.430813
26 	19    	0.217725	0.321025	0.174588	0.0449229	5.28	7  	4  	0.722219
27 	24    	0.202761	0.301339	0.172978	0.0344959	4.92	5  	4  	0.271293
28 	18    	0.218674	0.325888	0.172978	0.0464481	4.92	7  	4  	0.627375
29 	18    	0.203112	0.319041	0.172978	0.041961 	5.12	6  	5  	0.324962
30 	22    	0.22274 	0.333002	0.172851	0.0516156	5.04	7  	3  	0.662118

Best individual:
codeFunction(P15, sub(P13, P7), protectedDiv(add(protectedDiv(sub(P9, P7), P11), sub(P9, P7)), P7), sub(sub(P9, P7), P21), mul(protectedDiv(P17, P7), sub(P3, P8)), P7, protectedDiv(P10, P15))
Accuracy =  0.63

Iteration #:  4
   	      	                    fitness                     	             height            
   	      	------------------------------------------------	-------------------------------
gen	nevals	avg     	max     	min    	std     	avg 	max	min	std    
0  	25    	0.413746	0.700249	0.29206	0.100722	3.84	7  	2  	1.48809
1  	22    	0.328131	0.408741	0.241443	0.0368198	3.28	6  	2  	1.04   
2  	20    	0.285698	0.351264	0.23951 	0.0336622	3.2 	5  	2  	0.938083
3  	22    	0.258064	0.3012  	0.225521	0.0243162	2.6 	5  	2  	0.938083
4  	19    	0.265719	0.379294	0.225521	0.0366439	2.92	5  	2  	1.09252 
5  	24    	0.252384	0.333834	0.224181	0.0298455	2.44	4  	2  	0.571314
6  	19    	0.246806	0.461562	0.190328	0.0512546	2.48	4  	1  	0.64    
7  	18    	0.224911	0.296963	0.190201	0.0313547	2.6 	5  	2  	0.979796
8  	23    	0.248018	0.363813	0.189475	0.0651965	2.64	5  	2  	0.889044
9  	24    	0.243088	0.371449	0.189463	0.0639509	2.56	5  	2  	0.80399 
10 	21    	0.239652	0.364212	0.189382	0.0667035	2.48	4  	2  	0.699714
11 	24    	0.209556	0.313881	0.186249	0.0319382	2.52	6  	2  	0.899778
12 	21    	0.2281  	0.388176	0.181875	0.0543257	2.4 	4  	2  	0.632456
13 	20    	0.214686	0.298791	0.181875	0.0398852	2.32	5  	2  	0.676461
14 	24    	0.235533	0.370196	0.181875	0.0551473	2.92	5  	2  	1.05527 
15 	18    	0.203396	0.312706	0.181875	0.0359454	2.4 	5  	2  	0.748331
16 	23    	0.212607	0.349148	0.181875	0.0455076	2.76	5  	2  	1.06883 
17 	17    	0.194463	0.269177	0.181875	0.0236273	2.28	4  	2  	0.601332
18 	12    	0.206577	0.352009	0.181875	0.0445966	2.16	3  	2  	0.366606
19 	19    	0.198184	0.238045	0.18187 	0.0208705	2.28	5  	2  	0.66453 
20 	20    	0.206297	0.269177	0.18187 	0.0271599	2.32	4  	2  	0.614492
21 	20    	0.216474	0.41689 	0.181875	0.0509911	2.68	5  	2  	1.00876 
22 	23    	0.21147 	0.321862	0.181875	0.0382443	2.56	5  	2  	0.852291
23 	20    	0.207601	0.321861	0.181875	0.0321774	2.48	5  	2  	0.984683
24 	22    	0.202933	0.309639	0.181875	0.0305085	2.28	5  	2  	0.722219
25 	24    	0.204196	0.291541	0.167112	0.0274094	2.48	4  	2  	0.64    
26 	24    	0.201868	0.31711 	0.167101	0.0331728	2.64	5  	2  	0.741889
27 	24    	0.220392	0.334243	0.167112	0.0453515	2.88	5  	2  	0.765245
28 	19    	0.22323 	0.313165	0.167112	0.0478738	3.24	5  	2  	0.81388 
29 	23    	0.223939	0.295127	0.167112	0.0380759	3.16	4  	2  	0.611882
30 	17    	0.206683	0.350139	0.167112	0.0464436	3.4 	6  	2  	0.8     

Best individual:
codeFunction(P14, protectedDiv(P14, P13), protectedDiv(sub(P23, P8), P13), P13, protectedDiv(P12, P22), protectedDiv(P13, P18), sub(P23, P8))
Accuracy =  0.67

Iteration #:  5
   	      	                        fitness                         	             height            
   	      	--------------------------------------------------------	-------------------------------
gen	nevals	avg     	max     	min     	std     	avg	max	min	std    
0  	25    	0.419226	0.842537	0.258319	0.134253	4  	7  	2  	1.54919
1  	21    	0.299042	0.386769	0.253972	0.0353539	3.08	4  	2  	0.688186
2  	23    	0.281148	0.354591	0.220756	0.0350413	3.12	5  	2  	0.587878
3  	18    	0.254426	0.316902	0.220756	0.0232025	3.4 	5  	3  	0.69282 
4  	19    	0.239048	0.312505	0.220745	0.0209787	3.8 	5  	2  	0.938083
5  	16    	0.245174	0.332465	0.217656	0.0373231	3.04	4  	3  	0.195959
6  	20    	0.2406  	0.345822	0.217656	0.0377941	3.28	5  	3  	0.601332
7  	18    	0.234005	0.327219	0.199803	0.0297843	3.12	4  	2  	0.430813
8  	20    	0.24953 	0.324574	0.199803	0.0351133	3.36	6  	2  	0.842852
9  	22    	0.244746	0.32622 	0.198972	0.0372862	3.04	4  	2  	0.344093
10 	21    	0.242185	0.331307	0.198966	0.0411691	3.12	6  	2  	0.65238 
11 	21    	0.239324	0.324032	0.198966	0.0332701	3.4 	5  	2  	0.848528
12 	17    	0.23646 	0.342385	0.198966	0.0431341	3.08	4  	2  	0.391918
13 	22    	0.249506	0.461539	0.198966	0.0570119	2.88	4  	1  	0.515364
14 	24    	0.235984	0.308421	0.198966	0.031749 	3   	5  	2  	0.565685
15 	19    	0.229908	0.339497	0.198966	0.0390926	3.04	4  	2  	0.527636
16 	15    	0.221977	0.2912  	0.198966	0.0308683	3.12	6  	2  	0.65238 
17 	19    	0.227994	0.29023 	0.198966	0.0324161	3   	4  	2  	0.282843
18 	20    	0.230797	0.334883	0.198966	0.0368437	3.16	4  	2  	0.611882
19 	24    	0.234841	0.341034	0.198966	0.0376401	3.24	5  	2  	0.58515 
20 	17    	0.23093 	0.324086	0.18375 	0.0359971	3.2 	6  	2  	0.69282 
21 	22    	0.226376	0.292627	0.18375 	0.035226 	3   	4  	2  	0.489898
22 	17    	0.219809	0.307035	0.18375 	0.0358161	3.04	4  	2  	0.344093
23 	20    	0.224942	0.29265 	0.18375 	0.0373952	3.48	6  	3  	0.805978
24 	24    	0.242456	0.354501	0.183739	0.0438155	3.4 	7  	2  	1.13137 
25 	20    	0.232259	0.297333	0.183739	0.0428975	3.96	7  	2  	1.4827  
26 	16    	0.222962	0.299286	0.183492	0.0392663	3.6 	7  	2  	1.16619 
27 	22    	0.221929	0.314691	0.183486	0.040659 	3   	4  	2  	0.4     
28 	23    	0.235257	0.294169	0.183486	0.0364702	3.2 	5  	2  	0.565685
29 	21    	0.235399	0.314849	0.183486	0.0410507	3.36	5  	3  	0.685857
30 	23    	0.226008	0.292933	0.183486	0.0380608	3.16	5  	2  	0.611882

Best individual:
codeFunction(protectedDiv(P18, P12), protectedDiv(P4, P2), protectedDiv(P17, protectedDiv(P0, P17)), sub(P11, P0), P4, sub(P8, P12), P0)
Accuracy =  0.72

Iteration #:  6
   	      	                        fitness                         	             height            
   	      	--------------------------------------------------------	-------------------------------
gen	nevals	avg     	max     	min     	std     	avg	max	min	std    
0  	25    	0.413506	0.787227	0.269012	0.132797	3.8	7  	2  	1.54919
1  	19    	0.300967	0.356003	0.258353	0.0254492	3.56	5  	2  	0.80399
2  	24    	0.299061	0.388166	0.240538	0.037724 	3.8 	6  	3  	0.69282
3  	21    	0.288063	0.42562 	0.240532	0.0536829	3.68	6  	3  	0.733212
4  	21    	0.279715	0.475376	0.240503	0.0569291	3.44	5  	3  	0.637495
5  	20    	0.258363	0.374259	0.22292 	0.0379846	3   	4  	2  	0.282843
6  	19    	0.264781	0.362592	0.22292 	0.0435945	3.24	5  	3  	0.51225 
7  	20    	0.288205	0.384786	0.22292 	0.0591831	3.24	4  	3  	0.427083
8  	18    	0.250896	0.367174	0.218334	0.038762 	3.12	5  	2  	0.515364
9  	18    	0.250721	0.441435	0.206503	0.0519381	3.28	5  	3  	0.601332
10 	22    	0.268315	0.387608	0.204852	0.0563318	3.88	5  	3  	0.815843
11 	21    	0.243903	0.362222	0.204852	0.0429382	3.68	6  	2  	0.881816
12 	22    	0.25905 	0.382108	0.204507	0.0562571	3.76	6  	2  	0.763151
13 	20    	0.244705	0.351555	0.204507	0.0453157	3.72	6  	2  	0.96    
14 	19    	0.250648	0.391693	0.203885	0.0551847	3.4 	5  	2  	0.69282 
15 	21    	0.25568 	0.360669	0.190291	0.0599341	3.4 	5  	2  	0.69282 
16 	18    	0.230705	0.360646	0.190291	0.0469222	3.28	4  	2  	0.53066 
17 	20    	0.232585	0.366357	0.178175	0.0630283	3.68	5  	2  	0.676461
18 	22    	0.211017	0.428007	0.161577	0.0546921	4.36	6  	4  	0.62482 
19 	14    	0.215705	0.348844	0.161577	0.0580724	4.36	6  	4  	0.62482 
20 	20    	0.214216	0.369293	0.161577	0.0579439	4.8 	7  	4  	0.8     
21 	21    	0.207927	0.333063	0.159417	0.0573209	4.8 	6  	4  	0.565685
22 	19    	0.213291	0.382543	0.159417	0.0713839	4.92	7  	4  	0.627375
23 	21    	0.214963	0.359172	0.159538	0.0597973	4.88	7  	4  	0.711056
24 	18    	0.20013 	0.317662	0.157605	0.0550462	5.04	7  	4  	0.662118
25 	23    	0.227731	0.399773	0.156836	0.0711806	4.84	7  	3  	0.783837
26 	18    	0.202638	0.363094	0.156836	0.0611419	4.56	6  	4  	0.697424
27 	17    	0.215288	0.339861	0.156836	0.057447 	4.48	6  	4  	0.64    
28 	22    	0.226022	0.366821	0.156836	0.0602442	4.28	7  	2  	0.96    
29 	17    	0.203678	0.332448	0.156836	0.0468068	4.12	6  	2  	0.711056
30 	21    	0.228787	0.347873	0.156836	0.0626327	4.28	6  	4  	0.53066 

Best individual:
codeFunction(add(P0, P7), protectedDiv(P4, P23), P20, mul(sub(protectedDiv(P21, P22), sub(P23, P7)), protectedDiv(mul(P23, P21), add(P6, P13))), protectedDiv(P8, P20), P22, mul(P22, P22))
Accuracy =  0.64

Iteration #:  7
   	      	                        fitness                         	             height            
   	      	--------------------------------------------------------	-------------------------------
gen	nevals	avg     	max     	min     	std     	avg	max	min	std    
0  	25    	0.407236	0.803171	0.294532	0.103222	4  	7  	2  	1.29615
1  	19    	0.330188	0.436501	0.275265	0.0338983	3.68	7  	2  	1.43443
2  	23    	0.312739	0.411777	0.268395	0.0315807	3.88	6  	2  	1.17712
3  	22    	0.299204	0.427998	0.268395	0.0346773	4.28	6  	3  	1.04   
4  	25    	0.305603	0.406027	0.258113	0.0438706	4.84	7  	4  	0.924338
5  	23    	0.292628	0.435719	0.257142	0.04033  	4.92	7  	3  	0.890842
6  	20    	0.285708	0.400414	0.257142	0.0341256	4.56	6  	4  	0.752596
7  	17    	0.278391	0.364013	0.254659	0.031541 	4.48	6  	4  	0.754718
8  	21    	0.290732	0.42464 	0.254382	0.0409978	4.28	7  	3  	0.775629
9  	20    	0.278722	0.362808	0.241244	0.0313886	4.36	6  	4  	0.62482 
10 	21    	0.278716	0.343863	0.253313	0.0276987	4.4 	6  	4  	0.632456
11 	22    	0.278405	0.343874	0.236958	0.0274362	4.68	7  	4  	0.881816
12 	20    	0.275769	0.339355	0.236923	0.0325539	4.68	6  	3  	0.785875
13 	21    	0.270857	0.346147	0.235423	0.0374665	5.04	7  	4  	0.773563
14 	19    	0.275731	0.398226	0.235423	0.0459841	4.48	6  	4  	0.64    
15 	23    	0.260633	0.345007	0.234978	0.0327232	4.48	6  	3  	0.854166
16 	23    	0.283015	0.395973	0.233828	0.0463586	4.24	6  	3  	0.58515 
17 	22    	0.279328	0.349685	0.233828	0.0395249	4.36	6  	3  	0.741889
18 	19    	0.251776	0.324416	0.233678	0.0228799	4.4 	6  	3  	0.8     
19 	20    	0.272318	0.376317	0.233498	0.0439039	4.28	6  	3  	0.66453 
20 	18    	0.260961	0.32603 	0.233498	0.0334051	4.28	7  	3  	0.872697
21 	21    	0.265   	0.360724	0.232228	0.0360324	4.44	7  	3  	0.897998
22 	21    	0.267895	0.380057	0.217091	0.0448773	4.24	6  	3  	0.649923
23 	20    	0.25999 	0.491428	0.215971	0.0580795	4.16	6  	3  	0.783837
24 	20    	0.261779	0.424159	0.215366	0.0593084	4.12	7  	3  	0.815843
25 	21    	0.249527	0.394343	0.213784	0.0463569	4.04	6  	3  	0.870862
26 	22    	0.256726	0.406673	0.21372 	0.0536995	3.8 	6  	3  	0.848528
27 	21    	0.270705	0.423675	0.21372 	0.0663818	3.48	6  	3  	0.754718
28 	21    	0.278031	0.419916	0.212836	0.0650667	3.44	5  	3  	0.697424
29 	21    	0.27422 	0.461545	0.212807	0.0725852	3.24	5  	1  	0.708802
30 	16    	0.262017	0.435589	0.212807	0.0651887	3.24	5  	3  	0.51225 

Best individual:
codeFunction(mul(mul(P13, P17), P11), P17, sub(sub(P11, P9), protectedDiv(P17, P23)), P0, mul(mul(P13, P0), P11), P11, P17)
Accuracy =  0.58

Iteration #:  8
   	      	                        fitness                         	             height            
   	      	--------------------------------------------------------	-------------------------------
gen	nevals	avg     	max     	min     	std     	avg 	max	min	std    
0  	25    	0.440981	0.771856	0.280857	0.134666	4.08	7  	2  	1.76454
1  	22    	0.318479	0.387421	0.26313 	0.0321881	3.08	6  	2  	1.16344
2  	21    	0.307949	0.417526	0.26313 	0.0379981	2.8 	5  	2  	0.894427
3  	21    	0.2932  	0.368563	0.256689	0.0335113	2.64	4  	2  	0.557136
4  	22    	0.28368 	0.374264	0.231477	0.0313393	3.04	5  	2  	0.958332
5  	15    	0.264912	0.326399	0.231477	0.0228081	2.88	5  	2  	0.765245
6  	20    	0.26696 	0.31881 	0.230524	0.0304284	3.28	5  	2  	0.917388
7  	22    	0.268099	0.461609	0.230438	0.0474088	3.12	5  	1  	0.711056
8  	18    	0.253979	0.334354	0.229727	0.0334634	3.28	5  	3  	0.601332
9  	18    	0.262849	0.338288	0.228832	0.0403189	3.2 	5  	3  	0.489898
10 	22    	0.285148	0.355491	0.227729	0.0472835	3.4 	5  	3  	0.69282 
11 	23    	0.280054	0.370684	0.227729	0.0471794	3.28	5  	3  	0.53066 
12 	22    	0.287024	0.354691	0.227729	0.043616 	3.44	5  	3  	0.697424
13 	20    	0.277153	0.352659	0.227729	0.0424202	3.16	5  	2  	0.542586
14 	20    	0.285467	0.354293	0.227729	0.0449427	3.48	5  	3  	0.805978
15 	20    	0.263514	0.332483	0.2277  	0.0373897	3.56	6  	3  	0.941488
16 	23    	0.275185	0.384712	0.2277  	0.0449708	3.2 	6  	2  	0.748331
17 	21    	0.267156	0.353389	0.227606	0.0408315	3.12	4  	2  	0.430813
18 	22    	0.263946	0.348818	0.227606	0.0450426	3.36	5  	2  	0.685857
19 	17    	0.259123	0.331132	0.227526	0.0369323	3.68	7  	2  	1.00876 
20 	20    	0.275413	0.368781	0.227526	0.0433512	3.72	5  	2  	0.66453 
21 	16    	0.24747 	0.461499	0.227514	0.0471657	3.36	4  	1  	0.685857
22 	18    	0.267508	0.365683	0.227514	0.04497  	3.16	6  	3  	0.611882
23 	24    	0.281743	0.372331	0.227514	0.0474328	3.32	5  	2  	0.733212
24 	20    	0.258288	0.387619	0.224103	0.0419593	3.08	4  	2  	0.391918
25 	17    	0.255628	0.336778	0.224063	0.037353 	3.12	5  	2  	0.515364
26 	18    	0.243838	0.31815 	0.224005	0.0283115	3.16	4  	3  	0.366606
27 	21    	0.251686	0.330483	0.224005	0.0267668	3.28	5  	3  	0.53066 
28 	22    	0.250808	0.350082	0.223306	0.030926 	3.56	6  	3  	0.80399 
29 	21    	0.255414	0.351325	0.222538	0.0339056	3.36	6  	3  	0.741889
30 	22    	0.239449	0.317766	0.207657	0.0238892	3.44	6  	3  	0.852291

Best individual:
codeFunction(P18, mul(mul(P4, P4), mul(P20, P9)), P2, protectedDiv(mul(P20, P9), sub(P20, P10)), sub(P1, P11), mul(P18, protectedDiv(P18, P16)), protectedDiv(P8, P2))
Accuracy =  0.69

Iteration #:  9
   	      	                    fitness                     	            height            
   	      	------------------------------------------------	------------------------------
gen	nevals	avg     	max     	min    	std     	avg	max	min	std   
0  	25    	0.409462	0.772821	0.27719	0.132024	4.2	7  	2  	1.5748
1  	20    	0.31301 	0.427528	0.259934	0.0399781	3.36	7  	2  	1.35292
2  	20    	0.287972	0.356331	0.259923	0.0269294	2.76	6  	2  	1.06883
3  	17    	0.279161	0.336496	0.259923	0.0218208	2.44	4  	2  	0.697424
4  	22    	0.273026	0.312459	0.259611	0.0181932	2.4 	4  	2  	0.565685
5  	19    	0.279418	0.326907	0.259265	0.0215658	2.56	5  	2  	0.80399 
6  	20    	0.280831	0.32819 	0.259265	0.0206197	2.44	5  	2  	0.897998
7  	19    	0.277487	0.333451	0.259265	0.0188866	2.6 	5  	2  	1.0198  
8  	22    	0.273977	0.368264	0.258952	0.0229381	2.4 	4  	2  	0.632456
9  	16    	0.278077	0.331794	0.258952	0.0247411	2.2 	3  	2  	0.4     
10 	21    	0.276435	0.386336	0.254019	0.0268719	2.56	5  	2  	0.852291
11 	17    	0.271501	0.346593	0.256106	0.0230077	2.56	5  	2  	0.897998
12 	22    	0.28811 	0.363927	0.255332	0.0355223	2.6 	4  	2  	0.8     
13 	24    	0.278448	0.348699	0.255297	0.0297549	2.32	4  	2  	0.614492
14 	18    	0.273125	0.388908	0.227199	0.038219 	2.72	5  	2  	1.14961 
15 	20    	0.274885	0.450491	0.221958	0.0510957	2.52	5  	2  	0.899778
16 	24    	0.26615 	0.35081 	0.221849	0.0399392	2.56	5  	2  	0.983056
17 	14    	0.253125	0.424385	0.221849	0.0489676	2.56	4  	2  	0.80399 
18 	22    	0.244959	0.332459	0.215157	0.0317917	2.84	7  	2  	1.22246 
19 	19    	0.255403	0.343056	0.183052	0.0506378	3.28	6  	2  	1.07778 
20 	17    	0.237333	0.391846	0.183052	0.0514337	3.92	7  	2  	1.32424 
21 	20    	0.232106	0.342373	0.182972	0.0499764	3.12	5  	2  	1.14263 
22 	20    	0.21367 	0.309253	0.182972	0.0369345	2.52	5  	2  	0.943186
23 	20    	0.229501	0.354154	0.182972	0.0534835	2.28	4  	2  	0.601332
24 	21    	0.223419	0.29645 	0.182972	0.0346726	2.48	5  	2  	0.805978
25 	20    	0.214457	0.340054	0.182972	0.0377525	2.36	4  	2  	0.685857
26 	21    	0.241493	0.360098	0.182972	0.0524604	2.6 	5  	2  	1.0198  
27 	22    	0.240322	0.461632	0.182972	0.0594699	2.48	5  	1  	0.943186
28 	22    	0.236815	0.367239	0.182954	0.0488632	2.72	5  	2  	0.917388
29 	23    	0.228424	0.346519	0.182954	0.040277 	2.44	5  	2  	0.752596
30 	22    	0.233792	0.461539	0.182943	0.0637501	2.52	5  	1  	0.984683

Best individual:
codeFunction(protectedDiv(P2, P1), P13, P2, protectedDiv(P2, P21), protectedDiv(P13, P17), P1, protectedDiv(P13, P23))
Accuracy =  0.68

Iteration #:  10
   	      	                        fitness                        	             height            
   	      	-------------------------------------------------------	-------------------------------
gen	nevals	avg     	max     	min     	std    	avg 	max	min	std    
0  	25    	0.395819	0.683819	0.270816	0.10645	4.16	7  	2  	1.59198
1  	21    	0.303428	0.404124	0.245637	0.0329849	3.2 	6  	2  	1.29615
2  	19    	0.285521	0.371528	0.222181	0.0411738	2.8 	5  	2  	0.938083
3  	22    	0.258824	0.461597	0.220639	0.0527914	3.72	6  	1  	1.11427 
4  	22    	0.243616	0.349767	0.219212	0.0313708	3.28	5  	3  	0.601332
5  	24    	0.248535	0.349457	0.219143	0.0385118	3.32	5  	3  	0.545527
6  	22    	0.246359	0.372808	0.206039	0.0390189	3.28	6  	3  	0.825591
7  	21    	0.232187	0.321572	0.206039	0.0290156	3.16	5  	2  	0.611882
8  	21    	0.250509	0.390371	0.202883	0.0489054	3.64	6  	3  	0.932952
9  	16    	0.225431	0.264363	0.201591	0.0220053	3.52	6  	2  	0.854166
10 	21    	0.233827	0.329867	0.184615	0.0381181	3.56	5  	2  	0.637495
11 	21    	0.223434	0.308297	0.182221	0.0336457	4.08	6  	3  	0.627375
12 	24    	0.233751	0.335289	0.182221	0.0452206	4.2 	6  	2  	0.69282 
13 	21    	0.217375	0.310931	0.182186	0.033585 	3.8 	5  	2  	0.8     
14 	21    	0.233915	0.461574	0.181441	0.062512 	3.84	5  	1  	0.833307
15 	23    	0.216755	0.317466	0.182209	0.0402349	3.96	6  	3  	0.72    
16 	19    	0.217954	0.298478	0.182209	0.0349801	3.92	5  	2  	0.56    
17 	21    	0.212837	0.295502	0.182209	0.0378732	4.04	6  	2  	0.773563
18 	18    	0.210558	0.312442	0.182209	0.0399345	3.96	6  	2  	0.773563
19 	18    	0.208496	0.314946	0.182209	0.0362801	4.04	5  	3  	0.344093
20 	24    	0.207791	0.310267	0.182209	0.0365925	4.04	6  	2  	0.773563
21 	24    	0.208599	0.333873	0.182209	0.0375303	4.04	5  	4  	0.195959
22 	23    	0.218426	0.278537	0.182209	0.0333407	4.16	7  	2  	1.04614 
23 	17    	0.220507	0.332977	0.182209	0.0410841	4.04	5  	2  	0.527636
24 	25    	0.229331	0.404524	0.18143 	0.0561902	4.16	7  	2  	0.966644
25 	21    	0.226865	0.461585	0.181464	0.0621843	3.88	7  	1  	1.10707 
26 	17    	0.217405	0.283659	0.181464	0.0332799	3.88	6  	2  	0.908625
27 	19    	0.208472	0.317663	0.181464	0.0395465	3.56	6  	2  	0.80399 
28 	20    	0.208152	0.316162	0.181464	0.0404741	3.28	5  	2  	0.601332
29 	22    	0.21477 	0.369215	0.181386	0.0478129	3.32	5  	2  	0.676461
30 	21    	0.200459	0.27502 	0.181386	0.0247711	3.24	5  	2  	0.649923

Best individual:
codeFunction(protectedDiv(P24, P8), P23, protectedDiv(P7, P15), protectedDiv(P23, P22), protectedDiv(P3, P12), P3, mul(protectedDiv(P3, P12), protectedDiv(P14, P17)))
Accuracy =  0.78

Iteration #:  11
   	      	                        fitness                         	             height            
   	      	--------------------------------------------------------	-------------------------------
gen	nevals	avg     	max     	min     	std     	avg 	max	min	std    
0  	25    	0.438592	0.837395	0.279185	0.147814	4.28	7  	2  	1.80044
1  	22    	0.31526 	0.408698	0.242239	0.0378849	3.04	5  	2  	1.07629
2  	22    	0.269987	0.394998	0.226358	0.0385992	2.92	5  	2  	0.890842
3  	21    	0.26848 	0.40416 	0.224499	0.0583032	3.08	4  	2  	0.627375
4  	18    	0.254748	0.383083	0.224481	0.0473233	2.92	4  	2  	0.688186
5  	24    	0.267581	0.461609	0.223927	0.0624447	2.56	5  	1  	0.80399 
6  	21    	0.24529 	0.352132	0.205471	0.0420591	2.68	5  	2  	0.926067
7  	23    	0.278492	0.461626	0.205471	0.0701758	2.4 	4  	1  	0.69282 
8  	21    	0.259243	0.461609	0.205067	0.0719458	2.6 	5  	1  	0.894427
9  	20    	0.263193	0.460054	0.205067	0.0712245	2.52	4  	2  	0.754718
10 	20    	0.277289	0.399286	0.205026	0.0691633	2.44	4  	2  	0.637495
11 	19    	0.248115	0.378297	0.203385	0.0591566	2.52	4  	2  	0.754718
12 	24    	0.258477	0.39159 	0.203402	0.0643551	2.68	4  	2  	0.676461
13 	22    	0.246086	0.459308	0.203608	0.0611883	2.84	5  	2  	0.88    
14 	22    	0.238548	0.368265	0.185168	0.0511492	2.48	5  	2  	0.854166
15 	22    	0.226438	0.365938	0.185168	0.0440092	2.56	4  	2  	0.697424
16 	23    	0.23433 	0.36877 	0.184633	0.0500932	2.72	5  	2  	0.872697
17 	21    	0.247473	0.367221	0.184633	0.0597083	3.04	5  	2  	0.915642
18 	24    	0.233858	0.367234	0.18461 	0.0454056	3.12	5  	2  	0.65238 
19 	18    	0.222347	0.357046	0.184392	0.0501435	3.48	5  	2  	0.943186
20 	18    	0.221844	0.337816	0.182175	0.048637 	3.32	5  	3  	0.676461
21 	12    	0.193923	0.242684	0.182175	0.0198689	3.08	5  	3  	0.391918
22 	22    	0.213847	0.345718	0.182175	0.0421651	3.28	6  	3  	0.722219
23 	14    	0.198587	0.298905	0.182158	0.0319841	3.12	5  	2  	0.515364
24 	22    	0.205223	0.294307	0.182158	0.0358075	3.16	5  	3  	0.463033
25 	21    	0.203989	0.317913	0.182158	0.029162 	3.4 	5  	3  	0.748331
26 	20    	0.202303	0.288859	0.182158	0.0280113	3.08	4  	3  	0.271293
27 	23    	0.226924	0.355368	0.181951	0.0526524	3.56	5  	3  	0.80399 
28 	21    	0.202967	0.283352	0.180076	0.0257981	3.32	5  	2  	0.676461
29 	22    	0.209872	0.345758	0.180076	0.0402912	3.24	5  	3  	0.58515 
30 	19    	0.209718	0.315012	0.180076	0.0397436	3.44	5  	3  	0.752596

Best individual:
codeFunction(mul(P14, mul(P8, P8)), protectedDiv(P2, P11), protectedDiv(P11, sub(P13, P4)), P2, protectedDiv(P14, P2), protectedDiv(P2, sub(P13, P4)), protectedDiv(P22, P11))
Accuracy =  0.82

Iteration #:  12
   	      	                        fitness                         	            height            
   	      	--------------------------------------------------------	------------------------------
gen	nevals	avg     	max     	min     	std     	avg 	max	min	std   
0  	25    	0.433973	0.736579	0.278876	0.114132	4.56	7  	2  	1.4988
1  	17    	0.313981	0.458643	0.258487	0.0484216	3.88	6  	2  	1.27499
2  	19    	0.278172	0.354884	0.258487	0.0206277	5.12	7  	4  	0.65238
3  	17    	0.267706	0.283734	0.248419	0.0102502	4.8 	6  	2  	0.748331
4  	19    	0.269415	0.31347 	0.225681	0.0209431	4.76	5  	3  	0.649923
5  	23    	0.262047	0.317952	0.227991	0.0206321	4.44	7  	2  	1.16893 
6  	20    	0.263117	0.461574	0.222773	0.0468832	4.44	6  	1  	1.23548 
7  	21    	0.254747	0.313799	0.22275 	0.0287174	4.84	6  	3  	0.731027
8  	22    	0.250805	0.338832	0.222007	0.0344569	4.88	7  	3  	0.65238 
9  	23    	0.253401	0.321974	0.222773	0.0310803	4.88	6  	3  	0.515364
10 	20    	0.246426	0.297466	0.223543	0.0253958	5.4 	7  	3  	0.748331
11 	22    	0.253398	0.302851	0.223543	0.0250423	5.56	7  	4  	0.697424
12 	21    	0.249332	0.296196	0.223543	0.0243661	5.56	7  	3  	0.852291
13 	22    	0.252319	0.353065	0.223543	0.0329591	5.88	6  	3  	0.587878
14 	21    	0.25521 	0.335106	0.223543	0.0324214	5.68	7  	3  	0.926067
15 	20    	0.252025	0.299401	0.223543	0.028022 	5.8 	7  	4  	0.748331
16 	23    	0.2538  	0.311666	0.223543	0.0282375	5.72	7  	3  	0.917388
17 	22    	0.25643 	0.316445	0.223543	0.0279513	5.72	7  	3  	0.825591
18 	23    	0.250444	0.324296	0.223543	0.0286034	5.8 	7  	3  	0.894427
19 	22    	0.245463	0.316743	0.222775	0.0271663	5.96	7  	5  	0.344093
20 	20    	0.250344	0.312845	0.222775	0.0324205	5.88	7  	3  	0.765245
21 	18    	0.246949	0.336522	0.222775	0.0314738	5.48	7  	2  	1.29985 
22 	17    	0.261905	0.353071	0.222775	0.0390875	5.6 	7  	3  	1.0198  
23 	20    	0.252154	0.297732	0.222775	0.0264111	5.48	7  	3  	1.09982 
24 	17    	0.246578	0.283163	0.222775	0.0232432	5.92	6  	4  	0.391918
25 	22    	0.252462	0.31911 	0.222775	0.0288454	5.6 	7  	3  	0.894427
26 	21    	0.242379	0.315873	0.222775	0.0280044	5.88	6  	3  	0.587878
27 	22    	0.254904	0.315317	0.222036	0.0320948	5.84	7  	4  	0.611882
28 	18    	0.244643	0.325319	0.222775	0.030004 	5.92	7  	3  	0.79599 
29 	22    	0.257272	0.461522	0.222775	0.0534034	5.44	6  	1  	1.26744 
30 	22    	0.24947 	0.358459	0.222775	0.0336589	5.64	6  	3  	0.842852

Best individual:
codeFunction(protectedDiv(sub(P22, P11), P24), sub(P22, P11), P11, sub(P21, P7), protectedDiv(P3, P13), P24, protectedDiv(P21, sub(P16, mul(sub(P24, P24), P15))))
Accuracy =  0.7

Iteration #:  13
   	      	                        fitness                         	             height            
   	      	--------------------------------------------------------	-------------------------------
gen	nevals	avg     	max     	min     	std     	avg	max	min	std    
0  	25    	0.379543	0.735382	0.256212	0.113086	3.8	7  	2  	1.44222
1  	24    	0.30575 	0.386241	0.238882	0.0349061	3.08	7  	2  	1.26238
2  	20    	0.282972	0.364841	0.228139	0.0338449	2.76	7  	2  	1.24193
3  	22    	0.26807 	0.331094	0.228139	0.0279043	3.56	6  	2  	1.38795
4  	21    	0.260004	0.377696	0.228139	0.0417585	4.72	7  	2  	1.28125
5  	18    	0.237062	0.337521	0.174392	0.0278679	4.92	6  	2  	1.05527
6  	23    	0.240344	0.313587	0.171933	0.0356005	3.72	6  	2  	1.3121 
7  	21    	0.192939	0.229309	0.171933	0.0196802	4.64	6  	2  	0.974885
8  	22    	0.198515	0.304479	0.167736	0.0372845	5.16	7  	3  	0.833307
9  	16    	0.198518	0.342749	0.167736	0.0424344	4.08	6  	3  	1.01666 
10 	18    	0.1932  	0.256484	0.167736	0.0277638	3.48	6  	3  	0.854166
11 	21    	0.195827	0.355591	0.166187	0.0426517	3.2 	5  	3  	0.489898
12 	23    	0.20224 	0.277207	0.165205	0.033001 	3.32	6  	2  	0.835225
13 	23    	0.215375	0.461568	0.165136	0.060553 	3.24	5  	1  	0.949947
14 	18    	0.202171	0.317588	0.165136	0.0444112	3.32	5  	2  	0.676461
15 	20    	0.194583	0.264334	0.165136	0.0305798	3.2 	5  	3  	0.489898
16 	18    	0.196221	0.25196 	0.165136	0.0282853	3.16	5  	3  	0.463033
17 	22    	0.192193	0.257813	0.165205	0.0269109	3.12	5  	2  	0.515364
18 	22    	0.215919	0.343052	0.165211	0.0452819	3.28	5  	2  	0.66453 
19 	23    	0.195757	0.290242	0.163737	0.0339346	3.52	7  	3  	0.943186
20 	20    	0.208372	0.394318	0.163737	0.0514159	3.16	5  	2  	0.542586
21 	20    	0.198009	0.253794	0.165211	0.0255908	3   	4  	2  	0.282843
22 	24    	0.191723	0.238685	0.165188	0.0244982	3   	4  	2  	0.282843
23 	20    	0.187908	0.24144 	0.165188	0.027908 	3.2 	5  	3  	0.565685
24 	17    	0.199962	0.329126	0.165188	0.0405927	3.4 	6  	3  	0.848528
25 	22    	0.208205	0.461545	0.165188	0.061463 	3   	4  	1  	0.565685
26 	22    	0.222483	0.33961 	0.165188	0.0484574	3.48	7  	2  	0.984683
27 	16    	0.197255	0.375001	0.165088	0.0482788	3.16	5  	3  	0.463033
28 	19    	0.195804	0.333588	0.165188	0.0385524	3.2 	7  	2  	0.894427
29 	18    	0.1982  	0.374763	0.164885	0.0459901	3.16	4  	3  	0.366606
30 	25    	0.208683	0.307653	0.164771	0.0380558	3.16	5  	2  	0.611882

Best individual:
codeFunction(sub(P23, P3), protectedDiv(sub(P23, P1), P3), protectedDiv(P12, P7), sub(P2, P1), protectedDiv(P4, P3), P0, protectedDiv(P16, P0))
Accuracy =  0.71

Iteration #:  14
   	      	                        fitness                        	             height            
   	      	-------------------------------------------------------	-------------------------------
gen	nevals	avg     	max     	min     	std    	avg 	max	min	std    
0  	25    	0.438164	0.769363	0.269925	0.13937	4.12	7  	2  	1.75089
1  	22    	0.311167	0.373889	0.269718	0.0271319	3.2 	7  	2  	1.41421
2  	17    	0.293311	0.388396	0.255527	0.0279771	4.36	7  	2  	1.41082
3  	23    	0.274217	0.337961	0.222996	0.0235352	5.08	7  	4  	1.12854
4  	20    	0.269609	0.352833	0.222612	0.036571 	5.8 	7  	4  	1.0583 
5  	21    	0.249377	0.319921	0.222526	0.0239825	6.64	7  	4  	0.842852
6  	19    	0.250174	0.372702	0.21813 	0.0421047	6.96	7  	6  	0.195959
7  	25    	0.249812	0.334931	0.217494	0.0326998	7   	7  	7  	0       
8  	19    	0.25589 	0.454976	0.217494	0.0545067	6.96	7  	6  	0.195959
9  	17    	0.232268	0.322932	0.198247	0.0257647	7   	7  	7  	0       
10 	17    	0.235078	0.389331	0.198247	0.0404517	6.84	7  	4  	0.611882
11 	22    	0.238267	0.31305 	0.198247	0.0324609	6.88	7  	4  	0.587878
12 	22    	0.221928	0.292848	0.197578	0.0281622	6.92	7  	5  	0.391918
13 	21    	0.21977 	0.304132	0.196138	0.0302993	6.92	7  	5  	0.391918
14 	21    	0.212347	0.292175	0.195461	0.0248384	6.92	7  	6  	0.271293
15 	15    	0.224425	0.344803	0.195461	0.0432315	6.92	7  	6  	0.271293
16 	24    	0.227152	0.289546	0.190033	0.032614 	6.88	7  	4  	0.587878
17 	19    	0.227483	0.293533	0.190033	0.0313217	6.92	7  	5  	0.391918
18 	15    	0.219448	0.293568	0.190033	0.0336329	6.96	7  	6  	0.195959
19 	19    	0.224002	0.370973	0.189781	0.0435263	7   	7  	7  	0       
20 	19    	0.232953	0.315274	0.185265	0.0380194	7   	7  	7  	0       
21 	17    	0.215052	0.309792	0.184497	0.0351415	6.84	7  	5  	0.463033
22 	22    	0.231002	0.321346	0.185396	0.0441248	6.88	7  	4  	0.587878
23 	20    	0.216769	0.302633	0.184628	0.0346994	7   	7  	7  	0       
24 	22    	0.223121	0.303107	0.182645	0.0388641	6.88	7  	4  	0.587878
25 	22    	0.225246	0.324264	0.182645	0.0351545	7   	7  	7  	0       
26 	19    	0.222405	0.313543	0.180574	0.0417275	6.88	7  	4  	0.587878
27 	19    	0.216457	0.310461	0.180557	0.0377993	6.84	7  	4  	0.611882
28 	22    	0.215986	0.335953	0.179338	0.0370832	6.76	7  	4  	0.708802
29 	24    	0.221896	0.322375	0.180574	0.0336581	6.6 	7  	4  	0.69282 
30 	21    	0.205645	0.269847	0.180121	0.0237025	6.4 	7  	4  	1.0198  

Best individual:
codeFunction(mul(protectedDiv(mul(P9, P9), sub(P13, P21)), protectedDiv(add(P0, mul(P6, P6)), add(add(P6, sub(P18, P10)), P9))), protectedDiv(sub(protectedDiv(P23, P3), add(P6, P0)), sub(mul(P6, P6), add(P10, P1))), sub(protectedDiv(sub(P11, P11), P18), mul(protectedDiv(P16, P10), protectedDiv(P23, P3))), sub(P0, P11), sub(P20, P20), protectedDiv(mul(mul(P13, P0), protectedDiv(P1, P22)), add(sub(P19, P3), add(P1, P18))), mul(P9, P9))
Accuracy =  0.77


Accuracies =  [ 0.78  0.77  0.76  0.63  0.67  0.72  0.64  0.58  0.69  0.68  0.78  0.82
  0.7   0.71  0.77]
Mean =  0.713333333333
Std Dev =  0.0646701030015
